6.337870613912651052e+00
-5.883363214569982347e+00
-9.612501444131854811e+00
4.766020007030677519e+00
-3.421470641694687842e+00
-2.840142676330891902e+00
-6.252167997841270086e+00
1.485760758578412721e+00
-4.382677517833249325e+00
-6.828844291608143990e+00
-7.611982139725607333e+00
4.412992771047094642e+00
6.095256487861361983e+00
-6.899111693875149776e+00
6.608581038365571203e+00
9.278385966507846305e+00
-7.834409338678738344e+00
-6.911286123889189170e+00
2.701370025992552826e+00
8.465727843049523083e-01
-8.555608685306548722e+00
-5.407839953787589415e+00
5.940386491618222742e+00
-2.329241501396718927e+00
-8.439598527913744874e+00
3.202075591065924320e-01
5.578815952847856252e+00
-6.346419479647798845e+00
5.928970053988360078e+00
-8.981991075597267837e+00
-5.728715020511405687e-01
-8.474664459598118427e+00
-4.848489949074793692e+00
5.601069686747113252e+00
-5.452407793456346852e+00
3.262502871372815250e+00
2.027369672354762287e+00
7.051923029362353823e+00
5.935777073754902489e+00
4.880052793867228011e+00
-4.678455080044888192e-01
4.369513651157206802e+00
2.789491431947682454e+00
8.948849784186803547e+00
-5.532353221113887720e+00
-2.163745892844252339e+00
-5.147378768953906558e+00
-4.849451089866156472e+00
-3.663005410884963897e+00
1.334768905159531727e+00
-1.951206230518968576e+00
1.655260810563538021e+00
9.645774768876227867e+00
-9.582987187126477124e+00
8.573881677839167992e+00
2.908326771894801599e+00
3.150042523843118447e-01
-2.138198267184929502e-01
9.310119541004945987e+00
-9.857053591503843748e+00
-8.022110513970277523e+00
9.068900858521493191e+00
-5.617858451041217727e+00
1.530444143542259106e+00
1.371038356687047433e+00
-5.573362817122767154e+00
-9.773930009538830177e+00
-4.335285399920970839e+00
-2.595719689173620282e+00
-8.000704924525026129e+00
-8.338670932084968346e-01
1.726720538384203696e+00
1.488205586401227354e+00
5.862127441075331014e+00
5.621691717711216896e+00
8.730908773675285062e+00
-7.150836035316737060e+00
-3.574348619581825037e+00
-2.311563237140660476e+00
-4.176615301399366764e+00
4.354977730500464439e+00
6.392534880305571932e+00
1.635889672512403470e+00
-3.799392137171726969e+00
-9.411095548043050485e+00
4.024465852129766930e+00
3.011288259266423850e+00
2.257426584907792577e+00
8.282846338673197195e+00
-1.957899337273893980e+00
-4.252219908542471671e+00
-5.488962803825989667e-01
-8.178564227891717664e+00
-1.780072606149004422e+00
2.959087593687469209e+00
8.091689787110389886e+00
2.977855673703969086e-01
-7.521209187992622169e+00
-7.470326319223148381e+00
-6.706482849775750488e+00
4.921196776949040341e+00
6.610444965671606887e+00
-2.190434018673407923e+00
-6.366274260367892346e+00
-9.484534054226778643e-01
-7.656346298880245538e-01
9.026254981275913636e+00
3.038501670811954103e+00
-4.908888279838962809e+00
1.314112396543352546e+00
2.062032201376657325e-01
-4.404311125675022254e+00
8.574181729968975318e+00
1.459708710853761415e+00
-8.326529805730892519e+00
1.800046198514052009e-01
3.912242725956795120e+00
8.759843207262912657e+00
-5.017927760519387270e+00
-8.843589660713558231e+00
-6.713576551803511094e+00
2.546070000956178969e+00
2.235769996626324474e+00
2.271389502081322842e+00
-6.916647332942627457e+00
-8.342296412002653483e+00
8.994887071000654544e+00
2.840973715740442440e+00
3.361527529941906511e+00
-3.808495474929495916e+00
6.964281774285419502e+00
-7.615992890625190803e+00
-5.996589155177405317e+00
9.988584437768624369e+00
2.174793743590595907e-01
9.160031029945331582e+00
-6.291468790818753654e+00
7.344937233811219546e-01
2.085039813858928781e+00
-5.126082603562846174e+00
-1.902034187191985248e+00
-3.466816657075727726e+00
-4.273849029472915895e+00
2.395384194564876612e+00
-9.242636195274190669e+00
8.747208960407393263e+00
-3.197241040145522462e+00
-3.010171255833644643e-01
6.224619813231757171e+00
-5.506057408162869926e+00
-6.889796828295851050e+00
8.973784857775260804e+00
9.319353587089560520e+00
-9.052156025970919728e+00
6.447440522530919260e+00
6.707474472599121107e+00
5.897318754328157553e+00
-4.253631473640379745e+00
-7.058287770937803352e+00
-7.192124553535487408e+00
-5.925025395013693519e+00
8.667235094425222997e+00
7.331814321415980551e+00
-1.275225777545823114e+00
3.340362734987155857e+00
3.399080921766138630e+00
6.858659727884969248e-01
4.294141331519692351e+00
-6.266015818558406281e+00
7.489239701065634414e+00
-7.658652840831456921e+00
8.098186535769620775e+00
1.212714735813852585e+00
-5.376213490086211522e+00
-4.797720397100872169e+00
-8.898115000784821760e+00
2.372848323163681439e+00
6.496993113086574567e+00
7.068755309722052793e+00
-6.273487910201776430e+00
-4.000376727832791524e+00
4.361786029383208252e+00
8.758875583873393822e+00
5.756815524563044129e+00
-4.336877926918123016e+00
-1.582272682370835071e+00
-7.534264785456515900e-01
3.153744342327497563e+00
6.361807373440657720e+00
-7.741462254119514164e+00
-1.970473254927004536e+00
-2.436551498840994867e+00
4.258164025796860180e-02
-6.616010180019377351e+00
2.803847454029320563e+00
5.498127931743037600e+00
-1.092383698755262866e+00
4.674939754168493167e+00
6.113136476573834521e+00
3.800561997769476452e+00
-7.523884310838156786e+00
-9.544205633121547905e+00
7.060496087706307655e+00
3.230149988865385069e+00
3.761821004458367312e+00
6.643003898393772033e+00
2.084423412705693757e+00
-5.813825070111572124e+00
-1.378533828774731518e+00
5.763868460559209872e+00
