6.337870765286790942e+00
-5.883363027082371133e+00
-9.612501783291660828e+00
4.766020066225602925e+00
-3.421470620380297589e+00
-2.840142705454967498e+00
-6.252167653845239315e+00
1.485760354089624258e+00
-4.382677695473437218e+00
-6.828844348299782929e+00
-7.611982203259723967e+00
4.412992926942274075e+00
6.095256389740765890e+00
-6.899112198439810939e+00
6.608581263301395836e+00
9.278385995812371334e+00
-7.834409449060547814e+00
-6.911286492900570622e+00
2.701370216449928918e+00
8.465724577244341242e-01
-8.555608563374400788e+00
-5.407839735944029336e+00
5.940386665924811460e+00
-2.329241373139164129e+00
-8.439598515683643498e+00
3.202078435533710632e-01
5.578816259147803436e+00
-6.346419433362814999e+00
5.928970396446841207e+00
-8.981990629044565466e+00
-5.728719734423480814e-01
-8.474664452978117879e+00
-4.848490119914218965e+00
5.601069879218673719e+00
-5.452407831269298732e+00
3.262502822580974016e+00
2.027369466035420231e+00
7.051923192971817578e+00
5.935777407570169473e+00
4.880052866084578334e+00
-4.678453276431978058e-01
4.369513349937977686e+00
2.789491319675209802e+00
8.948849964475574126e+00
-5.532353289027682308e+00
-2.163746106168864092e+00
-5.147378648678414770e+00
-4.849450862149614849e+00
-3.663005563701915879e+00
1.334769196736853791e+00
-1.951206159089548642e+00
1.655261360224326239e+00
9.645774781519650176e+00
-9.582987150477579874e+00
8.573881528201983571e+00
2.908326925773654814e+00
3.150044909933346071e-01
-2.138196958375066514e-01
9.310119602374477665e+00
-9.857053215838561755e+00
-8.022110846545995599e+00
9.068900908394367022e+00
-5.617858407207894977e+00
1.530444232855151743e+00
1.371038368771700489e+00
-5.573362122933455787e+00
-9.773930258365741253e+00
-4.335285567996582934e+00
-2.595719696570710333e+00
-8.000705089984695206e+00
-8.338670133455549083e-01
1.726720720705611889e+00
1.488205501374592954e+00
5.862127349740302584e+00
5.621691201248613545e+00
8.730908769280688375e+00
-7.150835836189545880e+00
-3.574348861950937373e+00
-2.311563120498056456e+00
-4.176615360154388945e+00
4.354977369021918676e+00
6.392535056975729546e+00
1.635889933041318356e+00
-3.799392078972951392e+00
-9.411095834370360791e+00
4.024465489576052768e+00
3.011288715316817743e+00
2.257426691676681862e+00
8.282846224951711633e+00
-1.957899338863380745e+00
-4.252219767029580488e+00
-5.488963822243906332e-01
-8.178564040150822834e+00
-1.780072691645253613e+00
2.959087348429519704e+00
8.091689826793906803e+00
2.977853081842155580e-01
-7.521208849003491181e+00
-7.470326450802679652e+00
-6.706482929894836076e+00
4.921197245871663739e+00
6.610445109579710987e+00
-2.190434401042729462e+00
-6.366274094074623413e+00
-9.484533185273680278e-01
-7.656344774129892894e-01
9.026255262765634058e+00
3.038501848496987012e+00
-4.908888372478998896e+00
1.314112216212736106e+00
2.062025081996794462e-01
-4.404311226126196743e+00
8.574181216161660402e+00
1.459708765833320543e+00
-8.326530016992979455e+00
1.800044348136856653e-01
3.912243157107233138e+00
8.759843171778207704e+00
-5.017927280376234478e+00
-8.843589851579528371e+00
-6.713576978747713753e+00
2.546070062231071240e+00
2.235770623972148652e+00
2.271389655223837067e+00
-6.916647143829488087e+00
-8.342296427909653644e+00
8.994887188387213683e+00
2.840973620683986844e+00
3.361527677032905448e+00
-3.808495376293982382e+00
6.964281835515023111e+00
-7.615992851978858447e+00
-5.996589259931608851e+00
9.988584244477458185e+00
2.174793771258628772e-01
9.160031208293634819e+00
-6.291469075618609352e+00
7.344936989514573300e-01
2.085039862009544276e+00
-5.126082387812880725e+00
-1.902033958600882091e+00
-3.466816863112557989e+00
-4.273849011319506452e+00
2.395384178197507818e+00
-9.242636411390741102e+00
8.747209062304630578e+00
-3.197240485534496912e+00
-3.010170424827733893e-01
6.224620209566971596e+00
-5.506057743816780814e+00
-6.889796931235245836e+00
8.973784740732785536e+00
9.319353831522542819e+00
-9.052155979650830631e+00
6.447440546850447873e+00
6.707474651142162791e+00
5.897318739473028870e+00
-4.253631805391415277e+00
-7.058287689826420852e+00
-7.192124814928622989e+00
-5.925025168092830086e+00
8.667235001674150396e+00
7.331814775437075937e+00
-1.275226366624585106e+00
3.340362158722827157e+00
3.399080654214440944e+00
6.858660286803806017e-01
4.294141412245788381e+00
-6.266016093284606292e+00
7.489240070431148588e+00
-7.658652854708602575e+00
8.098186383217429452e+00
1.212714441889520600e+00
-5.376213700158423592e+00
-4.797720373545116601e+00
-8.898115285935064733e+00
2.372848016439295993e+00
6.496992824904092245e+00
7.068755482345947527e+00
-6.273487636840271442e+00
-4.000376850410740204e+00
4.361785703184588137e+00
8.758875844140275646e+00
5.756815762201539677e+00
-4.336878134919404992e+00
-1.582272633521226490e+00
-7.534262700594656081e-01
3.153744125278308719e+00
6.361807239234750000e+00
-7.741462705450367743e+00
-1.970473474939993253e+00
-2.436551645104197750e+00
4.258176221070969492e-02
-6.616010049148008498e+00
2.803847516720612720e+00
5.498127924626937890e+00
-1.092384290007235581e+00
4.674939608725519946e+00
6.113136634703828953e+00
3.800561968907516963e+00
-7.523884707179134601e+00
-9.544205621427082065e+00
7.060496313386631861e+00
3.230149913596203515e+00
3.761821154868882910e+00
6.643004022391895802e+00
2.084423319380036776e+00
-5.813825044003500864e+00
-1.378533462301984036e+00
5.763868855483575970e+00
